0 robot
0 Author: LEGO Digital Designer 4.2
1 1 -39.999927520751953 -170.25819396972656 89.823341369628906 1 0 0 0 1 0 0 0 1 6558.dat
1 25 -40.000335693359375 -110.75782775878906 69.323455810546875 0 -1.0000001192092896 0 0 0 -1.0000001192092896 1.0000001192092896 0 0 32140.dat
1 1 -39.999904632568359 -170.25827026367187 69.8233642578125 1 0 0 0 1 0 0 0 1 6558.dat
1 0 -40.000244140625 -140.75224304199219 260.32388305664062 1.0816750545927789E-005 0 -1.0000001192092896 -1.0000001192092896 -1.6541420336579904E-005 -1.0729471796366852E-005 -1.6628699086140841E-005 1.0000001192092896 0 3705.dat
1 71 -40.0006103515625 -110.75225830078125 260.32424926757812 0.99999994039535522 0 1.1325630111969076E-005 1.1325630111969076E-005 0 -1 0 1 0 3713.dat
1 0 -40.000171661376953 -150.75225830078125 259.32382202148437 -1 -1.0886373274843208E-005 1.1009898116753902E-005 -1.1010007256118115E-005 1.0081040272780228E-005 -1 1.0886263225984294E-005 -1 0 32498.dat
1 0 -39.999958038330078 -170.75224304199219 259.82327270507812 -1 0 0 0 -1.1160965186718386E-005 1.0000001192092896 0 1.0000001192092896 1.1429747246438637E-005 32136.dat
1 151 -59.999965667724609 -170.25563049316406 169.82333374023437 0 -1 4.187553349765949E-005 -1 0 -4.1751896787900478E-005 4.1751900425879285E-005 -4.1875529859680682E-005 -1 32525.dat
1 151 -20.000003814697266 -170.25770568847656 169.8233642578125 0 -1 0 -1 0 0 0 0 -1 32525.dat
1 71 -60.000312805175781 -131.572265625 199.83462524414062 -1.0817108886840288E-005 -1.0000001192092896 0 0.99987167119979858 -1.0816705980687402E-005 0.016025645658373833 -0.016025645658373833 0 0.99987167119979858 32348.dat
1 4 -68.000862121582031 -81.944831848144531 294.75152587890625 -1 0 0 0 -0.80951160192489624 -0.58710396289825439 0 -0.58710396289825439 0.80951189994812012 32062.dat
1 0 -81.000877380371094 -65.667243957519531 307.21240234375 0 1.0000001192092896 0 0.59856826066970825 0 -0.8010718822479248 -0.8010718822479248 0 -0.59856820106506348 60483.dat
1 71 -40.000331878662109 -131.37693786621094 239.82400512695312 -1.0616552572173532E-005 0 -1.0000001192092896 1.0000001192092896 1.4986518181103747E-005 -1.0721654689405113E-005 1.4881422430335078E-005 -1.0000001192092896 0 48989.dat
1 71 -20.000293731689453 -131.57188415527344 199.83462524414062 -1.0817093425430357E-005 -1.0000001192092896 0 0.99987167119979858 -1.0816690519277472E-005 0.016025647521018982 -0.016025647521018982 0 0.99987167119979858 32348.dat
1 4 -10.000860214233398 -81.943771362304688 294.75091552734375 1 0 -1.7343998479191214E-005 0 -0.80861616134643555 0.5883365273475647 -1.7283920897170901E-005 -0.5883365273475647 -0.80861616134643555 32062.dat
1 0 2.9991071224212646 -65.661170959472656 307.21615600585937 0 1 0 0.58833414316177368 0 -0.80861794948577881 -0.80861794948577881 0 -0.58833408355712891 60483.dat
1 71 -20.001052856445313 -65.767845153808594 306.51266479492187 -1.6743861124268733E-005 0 -1 0.59857171773910522 -0.80106925964355469 0 -0.80106925964355469 -0.59857171773910522 1.5694700778112747E-005 3713.dat
1 71 -44.001068115234375 -65.76812744140625 306.51272583007812 -1 0 0 0 -0.80106937885284424 -0.5985715389251709 0 -0.5985715389251709 0.80106943845748901 32073.dat
1 71 -62.001060485839844 -65.768341064453125 306.51272583007812 -1.6780604710220359E-005 0 -1 0.59857213497161865 -0.80106890201568604 0 -0.80106896162033081 -0.59857213497161865 1.5657953554182313E-005 3713.dat
1 0 -40.001026153564453 -65.918937683105469 306.71728515625 1.7566173482919112E-005 0 1 -0.59856736660003662 -0.80107247829437256 0 0.80107241868972778 -0.59856736660003662 -1.5496234482270665E-005 32498.dat
1 71 -39.999969482421875 -170.25770568847656 129.82337951660156 1 0 0 0 1 0 0 0 1 32073.dat
1 71 -39.999980926513672 -170.25772094726562 129.82334899902344 0 0 1 0 0.99999994039535522 0 -1 0 0 3713.dat
1 71 0 -150.75808715820312 129.99993896484375 1 0 0 0 1 0 0 0 1 42003.dat
1 71 -80.000030517578125 -150.75810241699219 129.99993896484375 1 0 0 0 1 0 0 0 1 42003.dat
1 1 -80.000045776367188 -150.25802612304688 150.00007629394531 0 0 -1 0 0.99999994039535522 0 1 0 0 6558.dat
1 72 -79.499664306640625 -170.75810241699219 149.99993896484375 -1 0 0 0 0 1.0000001192092896 0 1.0000001192092896 0 32526.dat
1 1 -120.00094604492187 -90.258659362792969 130.00018310546875 0 -1.3292465155245736E-005 -1 0 0.99999994039535522 -1.3292465155245736E-005 1 0 0 6558.dat
1 151 -40.000831604003906 -90.258827209472656 130.00027465820313 0 0 -1.0000001192092896 -1.0000001192092896 0 0 0 1.0000001192092896 0 32525.dat
1 0 39.999233245849609 -90.25787353515625 139.99969482421875 0 -1.0369391020503826E-005 1 0 1 1.0369391020503826E-005 -1 0 0 2780.dat
1 72 -0.5000004768371582 -170.75819396972656 149.99967956542969 0.99999994039535522 0 -1.0081171240017284E-005 1.0081171240017284E-005 0 1 0 -1 0 32526.dat
1 1 0 -150.2581787109375 149.99978637695312 0 0 -1 0 0.99999994039535522 0 1 0 0 6558.dat
1 71 0 -171.38302612304688 170.00093078613281 1 0 0 0 1 0 0 0 1 6536.dat
1 71 -39.999969482421875 -170.25770568847656 169.82321166992187 1 0 0 0 1 0 0 0 1 32073.dat
1 71 -39.999977111816406 -170.25764465332031 169.82331848144531 0 0 1 0 0.99999994039535522 0 -1 0 0 3713.dat
1 71 -79.999992370605469 -171.38290405273438 170.00117492675781 1 0 0 0 1 0 0 0 1 6536.dat
1 0 -0.00034513208083808422 -130.25816345214844 139.99980163574219 0 -1.0135452612303197E-005 1 0 1 1.0135452612303197E-005 -1 0 0 2780.dat
1 1 19.999170303344727 -90.25787353515625 129.99971008300781 0 0 -1 0 0.99999994039535522 0 1 0 0 6558.dat
1 151 40.001850128173828 -90.758026123046875 -90.000091552734375 1 -1.5396542949019931E-005 1.0445872248965316E-005 -1.5396542949019931E-005 -1 0 1.0445870429975912E-005 0 -1 53787.dat
1 19 50.001060485839844 -130.25761413574219 -70.000198364257813 1 0 0 0 1 0 0 0 1 3749.dat
1 72 59.998615264892578 -210.23509216308594 50.513637542724609 0 -1 1.9187835277989507E-005 -0.60179269313812256 1.5817868188605644E-005 0.79865235090255737 -0.79865235090255737 -1.090743717213627E-005 -0.60179269313812256 6629.dat
1 19 69.998619079589844 -210.13650512695312 49.813034057617187 -1 0 0 0 0.79865181446075439 -0.60179334878921509 0 -0.60179334878921509 -0.79865181446075439 3749.dat
1 0 59.999126434326172 -90.257736206054688 119.99971771240234 0 0 1 0 1 0 -1 0 0 2780.dat
1 0 50.000606536865234 -130.25776672363281 -30.00023078918457 1 0 0 0 1 0 0 0 1 2780.dat
1 0 50.000846862792969 -130.2576904296875 -50.000213623046875 1 0 0 0 1 0 0 0 1 2780.dat
1 0 69.998916625976563 -194.06278991699219 38.078395843505859 1 0 0 0 1 0 0 0 1 2780.dat
1 72 79.998878479003906 -194.16575622558594 37.774486541748047 0 -1 0 -0.79406499862670898 0 -0.60783290863037109 0.60783290863037109 0 -0.79406493902206421 32526.dat
1 1 59.998447418212891 -258.06277465820312 -13.527107238769531 1 0 0 0 1 0 0 0 1 6558.dat
1 151 -40.001583099365234 -268.84173583984375 106.3018798828125 1 0 0 0 0.60026252269744873 -0.79980301856994629 0 0.79980301856994629 0.60026252269744873 53788.dat
1 1 -140.00151062011719 -290.25479125976562 10.883261680603027 -1 0 0 0 0.60026246309280396 0.79980295896530151 0 0.79980295896530151 -0.60026258230209351 6558.dat
1 72 -160.00151062011719 -290.95150756835937 10.787832260131836 0 -1.0000001192092896 0 0.79321384429931641 0 0.6089434027671814 -0.6089434027671814 0 0.79321402311325073 32526.dat
1 1 -140.00151062011719 -266.27728271484375 42.831447601318359 -1 0 0 0 0.60026246309280396 0.79980295896530151 0 0.79980295896530151 -0.60026258230209351 6558.dat
1 72 -140.00149536132812 -242.96681213378906 74.723731994628906 0 1 0 0.79980289936065674 0 -0.60026270151138306 -0.60026270151138306 0 -0.79980289936065674 32526.dat
1 1 -140.00154113769531 -258.062744140625 -13.527107238769531 -1 0 0 0 1 0 0 0 -1 6558.dat
1 72 -159.99974060058594 -194.16293334960937 37.779064178466797 0 -1.0000001192092896 0 -0.80056428909301758 0 -0.59924715757369995 0.59924715757369995 0 -0.80056416988372803 32526.dat
1 0 -149.999755859375 -194.06321716308594 38.078681945800781 1 0 0 0 1 0 0 0 1 2780.dat
1 72 -139.999755859375 -210.23551940917969 50.513862609863281 0 -1.0000001192092896 0 -0.60179787874221802 0 0.79864859580993652 -0.79864859580993652 0 -0.60179775953292847 6629.dat
1 19 -130.00044250488281 -130.25788879394531 -69.999992370605469 -1 -1.1671266292978544E-005 0 -1.1671266292978544E-005 1 0 0 0 -1 3749.dat
1 19 -149.99977111816406 -210.13691711425781 49.813621520996094 1 0 0 0 0.79865241050720215 0.60179257392883301 0 -0.60179257392883301 0.79865241050720215 3749.dat
1 151 -120.00128173828125 -90.758499145507813 -89.999649047851563 1 1.1901669495273381E-005 0 1.1901669495273381E-005 -1 0 0 0 -1 53787.dat
1 0 -140.00111389160156 -90.258766174316406 120.00028991699219 0 0 1 0 1 0 -1 0 0 2780.dat
1 0 -154.00082397460937 -90.2581787109375 -89.999702453613281 1 0 0 0 1 0 0 0 1 3705.dat
1 71 -157.00083923339844 -90.258216857910156 -89.999786376953125 0 -1.1671259926515631E-005 -1 0 0.99999994039535522 -1.1671259926515631E-005 1 0 0 32123a.dat
1 71 -184.0008544921875 -90.258529663085938 -89.999885559082031 1.1772001016652212E-005 0 -1 -1 0 -1.1777243344113231E-005 0 1 0 56145.dat
1 0 -184.0008544921875 -90.258529663085938 -89.999885559082031 0 -1.1671259926515631E-005 1 0 0.99999994039535522 1.1671259926515631E-005 -1 0 0 44309.dat
1 0 -90.001556396484375 -70.258140563964844 90.000434875488281 1 0 0 0 1 0 0 0 1 2780.dat
1 0 -130.00051879882812 -130.25814819335937 -29.999834060668945 1 0 0 0 1 0 0 0 1 2780.dat
1 0 -130.00047302246094 -130.25807189941406 -49.99981689453125 1 0 0 0 1 0 0 0 1 2780.dat
1 1 59.998737335205078 -290.25961303710937 10.890128135681152 1 0 0 0 0.60026240348815918 -0.79980313777923584 0 0.79980313777923584 0.60026240348815918 6558.dat
1 72 59.998405456542969 -242.95841979980469 74.724853515625 0 1.0000001192092896 0 0.79969364404678345 0 -0.60040843486785889 -0.60040843486785889 0 -0.7996935248374939 32526.dat
1 0 69.99853515625 -241.89724731445312 74.297805786132813 1 0 0 0 1 0 0 0 1 2780.dat
1 72 79.998497009277344 -291.16314697265625 10.877401351928711 0 -1.0000001192092896 0 0.79653304815292358 0 0.60459518432617188 -0.60459518432617188 0 0.79653310775756836 32526.dat
1 1 59.998546600341797 -266.28121948242187 42.836246490478516 1 0 0 0 0.60043501853942871 -0.79967355728149414 0 0.79967355728149414 0.60043501853942871 6558.dat
1 0 74.001846313476563 -90.257911682128906 -89.999893188476562 1 0 0 0 1 0 0 0 1 3705.dat
1 71 102.00186920166016 -90.258354187011719 -89.999565124511719 -1.592199805600103E-005 0 1 -1 0 -1.5957650248310529E-005 0 -1 0 56145.dat
1 0 102.00186920166016 -90.258346557617188 -89.999595642089844 -1.0295649190084077E-005 1.5627008906449191E-005 -1 0 0.99999994039535522 1.5627008906449191E-005 1 0 -1.0295649190084077E-005 44309.dat
1 71 75.001838684082031 -90.2579345703125 -89.999809265136719 -1.0295649190084077E-005 1.5627008906449191E-005 -1 0 0.99999994039535522 1.5627008906449191E-005 1 0 -1.0295649190084077E-005 32123a.dat
1 0 10.000309944152832 -70.257530212402344 89.999649047851563 1 0 0 0 1 0 0 0 1 2780.dat
1 0 -100.00089263916016 -90.2584228515625 140.00007629394531 0 0 1 0 1 0 -1 0 0 2780.dat
1 0 -80.000221252441406 -130.25811767578125 139.99998474121094 0 -1.3224274880485609E-005 1 0 1 1.3224274880485609E-005 -1 0 0 2780.dat
1 1 -40.000041961669922 -150.25759887695312 69.8233642578125 -1 0 0 0 1 0 0 0 -1 6558.dat
1 72 -20.000162124633789 -150.75778198242187 70.499977111816406 0 -1.0000001192092896 0 0 0 1.0000001192092896 -1.0000001192092896 0 0 32526.dat
1 71 -40.000236511230469 -130.25732421875 69.737258911132812 1 0 0 0 1 0 0 0 1 4519.dat
1 72 -60.000026702880859 -150.75778198242187 70.323074340820313 0 -1 -1.3712552572542336E-005 0 -1.3652737834490836E-005 1 -1 0 0 32526.dat
1 1 -80.001441955566406 -70.258110046386719 70.0003662109375 1 0 0 0 1 0 0 0 1 6558.dat
1 1 -80.001182556152344 -70.258041381835938 50.000350952148438 1 0 0 0 1 0 0 0 1 6558.dat
1 151 -80.000938415527344 -70.258003234863281 30.000261306762695 0 -1 0 -1 0 0 0 0 -1 40490.dat
1 1 0.00054645049385726452 -70.257492065429687 69.999679565429688 -1 1.5249004718498327E-005 0 1.5249004718498327E-005 1 0 0 0 -1 6558.dat
1 1 0.00039577484130859375 -70.257911682128906 49.999713897705078 -1 0 0 0 1 0 0 0 -1 6558.dat
1 151 0.00017687678337097168 -70.25830078125 29.999616622924805 0 -1 0 -1 0 0 0 0 -1 40490.dat
